14917265, 615
14916660, 614
17425034, 614
17424970, 614
14916758, 613
17424798, 613
18678584, 613
16170890, 613
16171017, 613
16171180, 613
17424637, 612
18678938, 612
17425019, 612
16170874, 611
16170641, 611
16170915, 611
14916983, 611
18678838, 611
14916824, 611
18678502, 611
18678615, 611
16171107, 611
17424793, 610
14916801, 610
14916730, 609
14916951, 609
17425089, 609
17424706, 609
17424958, 609
16171137, 609
18678904, 609
14916901, 609
16170780, 609
16170625, 609
14917159, 608
18678466, 608
17424591, 608
18679012, 608
17424737, 608
14916890, 608
16170979, 608
17424617, 608
17424979, 608
14916669, 608
18678583, 607
17424797, 607
18678828, 607
18678681, 607
17424750, 607
14917234, 607
17424608, 607
16170851, 607
16170605, 607
14916846, 607
16170627, 606
14916766, 606
18678504, 606
17424851, 606
14916677, 605
17424959, 605
14917509, 641
18679487, 641
17425203, 641
17425630, 640
16171261, 640
16171455, 640
14916935, 640
17425474, 640
17425574, 640
17424912, 639
18679468, 639
17424971, 639
14917117, 639
14917090, 639
16171507, 639
17424801, 639
18678813, 639
17425159, 639
17425453, 638
14916899, 638
14916873, 638
14917278, 637
18678602, 637
14916898, 637
16170893, 637
18678654, 637
16171781, 636
14917376, 636
17425672, 636
16171734, 636
18678482, 636
14916690, 636
18678764, 636
18678607, 636
14916827, 636
17425745, 636
18678455, 636
14916794, 636
16170932, 636
18679619, 636
16171208, 635
14916673, 635
16171819, 635
16170999, 635
14917525, 635
16171711, 635
18679371, 635
14916740, 635
16171553, 635
17425721, 635
17424985, 634
17424977, 634
17424897, 634
18678517, 634
18679556, 634
18679126, 634
14917453, 634
17425516, 634
14916874, 634
17424976, 634
17430866, 688
17434173, 688
18684454, 688
17428258, 688
17427466, 688
17432329, 688
14917187, 688
16181816, 688
16170872, 687
17433394, 687
18679661, 687
17433530, 687
17429815, 687
14925727, 687
16173262, 687
16176425, 687
17435037, 687
18681813, 687
16181357, 687
17430539, 687
18679484, 687
14917985, 687
17425869, 687
17437036, 687
17431769, 687
16183658, 687
14927782, 686
17435719, 686
17424552, 686
14917864, 686
16177125, 686
17426444, 686
18678613, 686
17426157, 686
14917394, 686
17431198, 686
18688697, 686
14921294, 686
17431300, 686
14925410, 685
17428403, 685
18679869, 685
18683043, 685
16172206, 685
16176889, 685
17437343, 685
14921774, 685
17427839, 685
16181231, 685
14922393, 685
17430806, 685
14927035, 685
17429639, 685
16177309, 685
14924417, 684
18679842, 684
17434201, 684
14918100, 684
14918538, 684
14927685, 684
14951463, 732
15025861, 728
15019247, 726
17514588, 724
17529774, 723
16208432, 723
18741259, 721
18711569, 721
16279083, 721
18738703, 721
18790780, 719
15010757, 719
18796704, 719
14986344, 718
18717925, 718
16204446, 718
18767326, 718
14959406, 717
18776268, 717
16282308, 716
18775259, 716
18708415, 716
18706006, 716
16290430, 716
15015358, 716
17499128, 716
16278812, 716
18802864, 716
18778426, 716
16270899, 716
18781407, 715
16196212, 715
18745727, 715
14930861, 715
16274127, 715
17523749, 715
16286968, 715
17520323, 715
14923638, 715
18715975, 715
16250285, 715
18779755, 715
16296185, 715
14983679, 714
17517734, 714
17515750, 714
17446200, 714
18771397, 714
14965779, 714
16236457, 714
17443338, 714
18783260, 714
15006592, 714
15022135, 714
16213200, 714
18783212, 713
14925883, 713
17430446, 713
18757674, 713
16216331, 713
17437318, 731
16174514, 724
14928131, 718
17435704, 715
18688106, 714
14927758, 711
16180888, 710
18687989, 708
14926463, 708
16179436, 707
17435198, 706
14926421, 705
18688033, 705
17431231, 705
17437017, 703
16179375, 703
18685571, 703
16182802, 702
17431725, 701
17428666, 700
14923088, 699
16177351, 699
17435032, 699
14926615, 699
16181660, 699
17431521, 699
18688835, 698
16178636, 697
16182075, 697
14919866, 696
16174344, 695
17432579, 695
17431511, 695
17428126, 695
17430476, 695
17430700, 695
16181874, 694
14924726, 694
16172928, 694
16178021, 693
16177241, 693
14928877, 693
14920853, 693
18680876, 693
17429015, 693
17431090, 692
17425667, 692
17436401, 692
16171975, 692
14929190, 692
17428791, 692
18681239, 692
14924807, 692
17436408, 692
18689280, 692
16183311, 692
14920372, 692
18682250, 692
14927210, 691
16174023, 691
17432898, 721
18681304, 720
16181546, 713
18688304, 711
14923176, 711
17433516, 709
17434338, 709
14920444, 708
16178277, 707
17428990, 707
16180489, 707
18686764, 706
18686729, 706
16181733, 706
17432663, 705
17436069, 704
18688112, 704
14925319, 703
18684663, 703
17433073, 701
16181822, 701
18686967, 701
14927164, 700
14924834, 699
17434802, 699
18686214, 697
17428275, 696
17433975, 696
14923262, 696
17433607, 695
14929003, 695
17430700, 695
16177739, 695
14928227, 694
14917788, 694
16178124, 694
18681499, 694
14922934, 694
17429015, 693
14920853, 693
14927091, 693
16180389, 693
17435719, 693
16171975, 692
18689280, 692
17431640, 692
17428791, 692
14920372, 692
16179428, 692
16182014, 692
17432645, 692
17436408, 692
17425667, 692
18680633, 691
17431238, 691
17432507, 691
16178352, 691
16172949, 691
14921258, 691
18685164, 691
14927864, 724
18688811, 722
17434896, 716
14920193, 713
16181853, 708
14919750, 708
14923086, 707
16177270, 707
17435559, 705
17435992, 703
16180693, 702
14922998, 701
18681260, 701
14923370, 700
18684332, 698
16182021, 697
17431645, 697
16182163, 696
16174276, 696
17431045, 695
17425504, 694
17429015, 693
14920853, 693
14928877, 693
14926288, 693
14919941, 692
18689280, 692
14917171, 692
14920372, 692
17428245, 692
17425667, 692
14924510, 692
17436408, 692
16172949, 691
16170881, 691
17432507, 691
17426337, 691
18680633, 691
17437185, 691
16174023, 691
14921258, 691
16182569, 691
16174093, 691
16178850, 691
16173568, 690
17427845, 690
14916860, 690
16176479, 690
18687663, 690
16180508, 690
16173813, 690
14924161, 690
18687529, 690
16181488, 690
16176371, 690
16178223, 690
14927888, 689
16183560, 689
17435884, 689
17436256, 689
17430866, 688
17434173, 688
18684454, 688
17428258, 688
17427466, 688
17432329, 688
14917187, 688
16181816, 688
16170872, 687
17433394, 687
18679661, 687
17433530, 687
17429815, 687
14925727, 687
16173262, 687
16176425, 687
17435037, 687
18681813, 687
16181357, 687
17430539, 687
18679484, 687
14917985, 687
17425869, 687
17437036, 687
17431769, 687
16183658, 687
14927782, 686
17435719, 686
17424552, 686
14917864, 686
16177125, 686
17426444, 686
18678613, 686
17426157, 686
14917394, 686
17431198, 686
18688697, 686
14921294, 686
17431300, 686
14925410, 685
17428403, 685
18679869, 685
18683043, 685
16172206, 685
16176889, 685
17437343, 685
14921774, 685
17427839, 685
16181231, 685
14922393, 685
17430806, 685
14927035, 685
17429639, 685
16177309, 685
14924417, 684
18679842, 684
17434201, 684
14918100, 684
14918538, 684
14927685, 684
18681361, 722
17428376, 710
14925145, 710
18687461, 708
17433303, 707
17431415, 706
17436965, 705
17432385, 705
18688117, 704
16178670, 703
17435089, 703
14920440, 702
18688262, 702
16180965, 702
17434447, 702
17428121, 702
14926605, 702
18684270, 702
17434815, 701
16178520, 699
16179264, 699
16180682, 697
16178311, 696
16177438, 696
16182977, 696
17435051, 696
18681338, 696
16182609, 696
14927832, 696
14928808, 695
17428359, 695
14917788, 694
14926910, 694
18684284, 694
18688296, 693
18680876, 693
17432524, 693
14920853, 693
17429015, 693
17434556, 693
14928877, 693
16179770, 693
14923159, 693
17436408, 692
16179428, 692
16178948, 692
17425667, 692
16181361, 692
18689280, 692
14928765, 692
18683018, 692
14920372, 692
14928820, 692
16171975, 692
18686750, 692
18689081, 692
18685135, 691
16182569, 691
14927210, 691
17425440, 691
16170943, 690
18679169, 689
16171409, 684
14917353, 680
17425154, 678
18678765, 675
18679098, 675
16171815, 674
16171595, 668
18678841, 664
18679399, 664
17425693, 662
14917436, 662
16171266, 662
16171710, 660
17425143, 659
16171182, 658
16171541, 657
17424926, 657
17425561, 655
16171726, 652
14917477, 650
16171618, 650
14916913, 648
16171639, 648
16171112, 648
14917249, 647
17425516, 647
16170594, 647
17425760, 647
16171297, 646
14916852, 646
17424881, 646
18679318, 645
17425620, 645
18678623, 645
18678753, 645
16170813, 644
16170722, 644
14917195, 644
17425537, 644
16171548, 643
17424687, 643
14916985, 643
16171349, 643
14917393, 642
16171214, 642
16170913, 642
17425463, 642
17425431, 641
18678627, 641
14917509, 641
18679626, 641
16170630, 641
16171198, 641
17425203, 641
18679487, 641
14916987, 641
16171010, 641
14917497, 641
15028691, 732
18745607, 728
17536437, 726
14984463, 724
15028796, 724
17462230, 724
17462823, 723
16249712, 723
14960435, 722
16235568, 721
18789544, 721
14983722, 720
18783530, 720
18774384, 720
18743158, 720
15018251, 720
16252561, 720
16244591, 720
17458164, 720
16298469, 720
18780937, 719
15018624, 719
15033687, 718
17501170, 716
17523922, 716
16261030, 716
16272420, 716
18753364, 716
16290430, 716
17460706, 716
18753052, 716
17514318, 715
17487218, 715
14930861, 715
14923638, 715
14976953, 715
17525378, 715
18715975, 715
18773604, 715
14985991, 715
16249939, 714
14965779, 714
17515202, 714
17521040, 714
15006592, 714
16263737, 714
15022135, 714
18771397, 714
18740935, 714
18729382, 714
18778264, 714
17520907, 714
16258296, 714
16276788, 714
17499968, 714
18785678, 714
14957797, 714
18778571, 713
14925883, 713
14950501, 713
16299781, 738
16285332, 729
18796762, 729
17529707, 726
18793850, 726
16252991, 726
17517900, 725
18778246, 725
16247138, 724
16204910, 724
15023778, 724
17499043, 723
18748203, 723
17528327, 722
17519966, 722
15027471, 722
15028457, 722
14986015, 721
16273504, 720
17504748, 720
15036571, 720
16284167, 720
17466614, 719
17528195, 719
18713949, 718
14982453, 718
17449858, 718
18778907, 718
15028451, 717
16238786, 717
15023078, 717
16286939, 717
14982151, 716
16205168, 716
16290430, 716
16272755, 716
16290326, 716
16289155, 716
17488477, 716
15016284, 716
17522109, 716
16238802, 716
16294785, 715
16296185, 715
15032060, 715
17514318, 715
18715248, 715
14947272, 715
14923638, 715
16277628, 715
14976953, 715
17507552, 715
18715975, 715
17520323, 715
14965779, 714
18771397, 714
15006592, 714
18717771, 714
18729382, 714
16214140, 714
